Logical CPUs: 12 | Trials per P: 20
   P | OS threads |  mean ms | stdev ms |  min ms |  max ms | us/thread
------------------------------------------------------------------------
   1 |          1 |    0.126 |    0.025 |   0.079 |   0.160 |     126.3
   2 |          2 |    0.198 |    0.038 |   0.151 |   0.324 |      99.0
   4 |          4 |    0.530 |    0.074 |   0.401 |   0.707 |     132.6
   8 |          8 |    0.960 |    0.167 |   0.761 |   1.519 |     120.0
  16 |         16 |    2.224 |    0.597 |   1.704 |   3.983 |     139.0
  32 |         32 |    4.094 |    0.450 |   3.221 |   4.897 |     127.9
  64 |         64 |    7.740 |    0.814 |   6.773 |   9.984 |     120.9
